9 10 10 321 5 1140 0 0 600 90
0	37.75139	-122.39435	0	0	540.0	1140.0
1	37.79536	-122.39963	0	3	1013.0	1073.0
2	37.77994	-122.41186	0	3	883.0	943.0
3	37.79075	-122.42665	0	3	870.0	930.0
4	37.77651	-122.39562	0	3	820.0	880.0
5	37.77767	-122.39658	0	3	928.0	988.0
6	37.78482	-122.40739	0	3	684.0	744.0
7	37.79912	-122.42702	0	3	993.0	1053.0
8	37.44108	-122.16353	0	3	559.0	619.0
9	37.55644	-122.30024	0	3	839.0	899.0
10	37.80703	-122.41022	0	3	775.0	835.0
11	37.78756	-122.408	0	3	640.0	700.0
12	37.79419	-122.42826	0	3	744.0	804.0
13	37.61492	-122.38999	0	3	927.0	987.0
14	37.78828	-122.40156	0	3	873.0	933.0
15	37.78591	-122.40271	0	3	957.0	1017.0
16	37.61507	-122.38474	0	3	699.0	759.0
17	37.78332	-122.41059	0	3	640.0	700.0
18	37.77214	-122.43733	0	3	873.0	933.0
19	37.75509	-122.43227	0	3	758.0	818.0
20	37.78848	-122.40142	0	3	689.0	749.0
21	37.78853	-122.40147	0	3	888.0	948.0
22	37.79189	-122.41796	0	3	789.0	849.0
23	37.79308	-122.39697	0	3	668.0	728.0
24	37.80844	-122.41005	0	3	897.0	957.0
25	37.80844	-122.41006	0	3	659.0	719.0
26	37.76288	-122.4053	0	3	973.0	1033.0
27	37.80763	-122.42045	0	3	925.0	985.0
28	37.78026	-122.39109	0	3	914.0	974.0
29	37.77696	-122.39487	0	3	889.0	949.0
30	37.788	-122.4067	0	3	587.0	647.0
31	37.80101	-122.4046	0	3	784.0	844.0
32	37.79304	-122.39938	0	3	765.0	825.0
33	37.78826	-122.40286	0	3	711.0	771.0
34	37.77567	-122.48654	0	3	741.0	801.0
35	37.7891	-122.39002	0	3	947.0	1007.0
36	37.77894	-122.39572	0	3	589.0	649.0
37	37.79082	-122.43241	0	3	591.0	651.0
38	37.79334	-122.40066	0	3	850.0	910.0
39	37.61798	-122.38667	0	3	607.0	667.0
40	37.71183	-122.21214	0	3	961.0	1021.0
41	37.78259	-122.46756	0	3	601.0	661.0
42	37.79398	-122.39763	0	3	581.0	641.0
43	37.78791	-122.40876	0	3	849.0	909.0
44	37.80836	-122.40981	0	3	974.0	1034.0
45	37.7922	-122.40797	0	3	785.0	845.0
46	37.79114	-122.431	0	3	824.0	884.0
47	37.75529	-122.40511	0	3	733.0	793.0
48	37.79903	-122.43531	0	3	783.0	843.0
49	37.7773	-122.40727	0	3	878.0	938.0
50	37.78411	-122.43356	0	3	580.0	640.0
51	37.7845	-122.47125	0	3	588.0	648.0
52	37.78491	-122.40707	0	3	727.0	787.0
53	37.79061	-122.40014	0	3	696.0	756.0
54	37.78556	-122.39673	0	3	639.0	699.0
55	37.65541	-122.40598	0	3	925.0	985.0
56	37.74285	-122.42882	0	3	935.0	995.0
57	37.61481	-122.38537	0	3	813.0	873.0
58	37.79789	-122.40718	0	3	840.0	900.0
59	37.7875	-122.41292	0	3	618.0	678.0
60	37.8055	-122.41377	0	3	726.0	786.0
61	37.78067	-122.43103	0	3	964.0	1024.0
62	37.77842	-122.39313	0	3	862.0	922.0
63	37.76365	-122.39935	0	3	621.0	681.0
64	37.79027	-122.41684	0	3	793.0	853.0
65	37.78921	-122.41027	0	3	573.0	633.0
66	37.79077	-122.40335	0	3	957.0	1017.0
67	37.77138	-122.39919	0	3	823.0	883.0
68	37.7768	-122.39493	0	3	589.0	649.0
69	37.78822	-122.40834	0	3	908.0	968.0
70	37.7898	-122.41705	0	3	696.0	756.0
71	37.79578	-122.39862	0	3	949.0	1009.0
72	37.74819	-122.40638	0	3	1017.0	1077.0
73	37.79076	-122.39037	0	3	883.0	943.0
74	37.7868	-122.40656	0	3	1011.0	1071.0
75	37.79972	-122.44446	0	3	974.0	1034.0
76	37.78052	-122.39931	0	3	595.0	655.0
77	37.78577	-122.40638	0	3	835.0	895.0
78	37.78431	-122.43288	0	3	788.0	848.0
79	37.79062	-122.4325	0	3	584.0	644.0
80	37.79112	-122.41377	0	3	898.0	958.0
81	37.79162	-122.41211	0	3	829.0	889.0
82	37.79102	-122.43221	0	3	972.0	1032.0
83	37.78384	-122.40379	0	3	932.0	992.0
84	37.79041	-122.41423	0	3	615.0	675.0
85	37.79144	-122.41422	0	3	971.0	1031.0
86	37.80072	-122.40495	0	3	1004.0	1064.0
87	37.79512	-122.40262	0	3	935.0	995.0
88	37.61781	-122.38696	0	3	750.0	810.0
89	37.7875	-122.40837	0	3	922.0	982.0
90	37.61527	-122.38463	0	3	843.0	903.0
91	37.77882	-122.39682	0	3	980.0	1040.0
92	37.792	-122.40162	0	3	836.0	896.0
93	37.78756	-122.3995	0	3	724.0	784.0
94	37.76866	-122.43527	0	3	865.0	925.0
95	37.76823	-122.42899	0	3	871.0	931.0
96	37.74775	-122.40963	0	3	909.0	969.0
97	37.75968	-122.40989	0	3	765.0	825.0
98	37.76604	-122.40249	0	3	701.0	761.0
99	37.78593	-122.45701	0	3	1001.0	1061.0
100	37.78577	-122.48473	0	3	589.0	649.0
101	37.77501	-122.45322	0	3	884.0	944.0
102	37.7614	-122.42972	0	3	944.0	1004.0
103	37.75238	-122.41841	0	3	900.0	960.0
104	37.78253	-122.40623	0	3	846.0	906.0
105	37.61489	-122.38955	0	3	814.0	874.0
106	37.80119	-122.41122	0	3	903.0	963.0
107	37.78872	-122.42206	0	3	560.0	620.0
108	37.74334	-122.42142	0	3	1015.0	1075.0
109	37.78368	-122.41588	0	3	790.0	850.0
110	37.77676	-122.39177	0	3	751.0	811.0
111	37.76381	-122.45699	0	3	912.0	972.0
112	37.78768	-122.40344	0	3	984.0	1044.0
113	37.79531	-122.40586	0	3	759.0	819.0
114	37.79782	-122.40643	0	3	741.0	801.0
115	37.7216	-122.482	0	3	734.0	794.0
116	37.79395	-122.40944	0	3	958.0	1018.0
117	37.7922	-122.41069	0	3	878.0	938.0
118	37.78827	-122.40867	0	3	707.0	767.0
119	37.78888	-122.41295	0	3	1007.0	1067.0
120	37.79503	-122.39992	0	3	998.0	1058.0
121	37.7915	-122.41034	0	3	558.0	618.0
122	37.7844	-122.40727	0	3	653.0	713.0
123	37.75223	-122.41752	0	3	905.0	965.0
124	37.62552	-122.40105	0	3	716.0	776.0
125	37.78762	-122.42013	0	3	993.0	1053.0
126	37.79984	-122.40908	0	3	992.0	1052.0
127	37.77735	-122.39551	0	3	686.0	746.0
128	37.77661	-122.39444	0	3	749.0	809.0
129	37.79241	-122.40259	0	3	752.0	812.0
130	37.79832	-122.45051	0	3	901.0	961.0
131	37.79292	-122.39723	0	3	945.0	1005.0
132	37.79901	-122.40911	0	3	869.0	929.0
133	37.79493	-122.42138	0	3	788.0	848.0
134	37.78791	-122.41105	0	3	606.0	666.0
135	37.79965	-122.43598	0	3	687.0	747.0
136	37.75287	-122.38743	0	3	1001.0	1061.0
137	37.76974	-122.42516	0	3	731.0	791.0
138	37.76879	-122.42445	0	3	654.0	714.0
139	37.72076	-122.45065	0	3	998.0	1058.0
140	37.78394	-122.41986	0	3	978.0	1038.0
141	37.77821	-122.39616	0	3	636.0	696.0
142	37.77641	-122.41195	0	3	808.0	868.0
143	37.78241	-122.40988	0	3	760.0	820.0
144	37.76597	-122.39781	0	3	639.0	699.0
145	37.79366	-122.39736	0	3	901.0	961.0
146	37.78291	-122.46571	0	3	622.0	682.0
147	37.78223	-122.40536	0	3	593.0	653.0
148	37.7694	-122.38625	0	3	729.0	789.0
149	37.75012	-122.20167	0	3	760.0	820.0
150	37.76632	-122.42507	0	3	829.0	889.0
151	37.76393	-122.45723	0	3	588.0	648.0
152	37.71184	-122.21225	0	3	904.0	964.0
153	37.79484	-122.39456	0	3	949.0	1009.0
154	37.61784	-122.38608	0	3	855.0	915.0
155	37.80705	-122.41804	0	3	793.0	853.0
156	37.7769	-122.414	0	3	667.0	727.0
157	37.79787	-122.40098	0	3	810.0	870.0
158	37.78919	-122.40787	0	3	834.0	894.0
159	37.79219	-122.39852	0	3	960.0	1020.0
160	37.7985	-122.41554	0	3	842.0	902.0
161	37.79043	-122.42271	0	1	540	1020
162	37.79227	-122.39644	0	1	540	1020
163	37.78461	-122.40409	0	1	540	1020
164	37.78934	-122.43034	0	1	540	1020
165	37.78475	-122.43808	0	1	540	1020
166	37.79051	-122.40406	0	1	540	1020
167	37.77168	-122.40488	0	1	540	1020
168	37.7816	-122.4006	0	1	540	1020
169	37.78614	-122.40171	0	1	540	1020
170	37.79689	-122.40743	0	1	540	1020
171	37.72796	-122.47637	0	1	540	1020
172	37.7724	-122.4644	0	1	540	1020
173	37.7921	-122.44426	0	1	540	1020
174	37.78814	-122.44701	0	1	540	1020
175	37.78256	-122.41906	0	1	540	1020
176	37.76411	-122.45599	0	1	540	1020
177	37.6152	-122.38484	0	1	540	1020
178	37.78123	-122.42617	0	1	540	1020
179	37.80004	-122.40911	0	1	540	1020
180	37.79128	-122.40792	0	1	540	1020
181	37.80461	-122.40235	0	1	540	1020
182	37.79602	-122.39453	0	1	540	1020
183	37.76897	-122.41339	0	1	540	1020
184	37.76587	-122.41262	0	1	540	1020
185	37.75211	-122.39258	0	1	540	1020
186	37.77792	-122.40635	0	1	540	1020
187	37.79752	-122.42403	0	1	540	1020
188	37.79679	-122.43544	0	1	540	1020
189	37.74905	-122.43068	0	1	540	1020
190	37.78243	-122.43916	0	1	540	1020
191	37.77817	-122.41399	0	1	540	1020
192	37.78954	-122.3883	0	1	540	1020
193	37.8063	-122.41564	0	1	540	1020
194	37.71113	-122.38891	0	1	540	1020
195	37.78803	-122.40088	0	1	540	1020
196	37.80036	-122.44035	0	1	540	1020
197	37.79044	-122.40354	0	1	540	1020
198	37.75782	-122.41244	0	1	540	1020
199	37.78743	-122.45338	0	1	540	1020
200	37.77983	-122.38987	0	1	540	1020
201	37.80663	-122.41238	0	1	540	1020
202	37.78868	-122.41274	0	1	540	1020
203	37.78478	-122.40855	0	1	540	1020
204	37.78821	-122.3906	0	1	540	1020
205	37.75894	-122.43919	0	1	540	1020
206	37.77802	-122.42971	0	1	540	1020
207	37.61505	-122.38984	0	1	540	1020
208	37.61486	-122.3854	0	1	540	1020
209	37.77828	-122.39672	0	1	540	1020
210	37.78364	-122.40841	0	1	540	1020
211	37.78988	-122.40591	0	1	540	1020
212	37.6753	-122.45855	0	1	540	1020
213	37.71197	-122.21207	0	1	540	1020
214	37.78611	-122.41301	0	1	540	1020
215	37.78717	-122.41342	0	1	540	1020
216	37.76681	-122.41722	0	1	540	1020
217	37.77707	-122.39473	0	1	540	1020
218	37.78926	-122.40705	0	1	540	1020
219	37.79251	-122.39752	0	1	540	1020
220	37.75496	-122.39336	0	1	540	1020
221	37.80453	-122.42198	0	1	540	1020
222	37.73889	-122.41023	0	1	540	1020
223	37.78208	-122.39347	0	1	540	1020
224	37.78536	-122.43164	0	1	540	1020
225	37.78317	-122.41578	0	1	540	1020
226	37.77543	-122.41323	0	1	540	1020
227	37.77893	-122.42976	0	1	540	1020
228	37.7747	-122.39815	0	1	540	1020
229	37.77885	-122.43356	0	1	540	1020
230	37.78632	-122.45496	0	1	540	1020
231	37.78159	-122.45495	0	1	540	1020
232	37.76747	-122.4266	0	1	540	1020
233	37.75218	-122.41967	0	1	540	1020
234	37.76996	-122.43001	0	1	540	1020
235	37.78556	-122.41442	0	1	540	1020
236	37.86581	-122.20761	0	1	540	1020
237	37.78802	-122.40671	0	1	540	1020
238	37.80678	-122.4199	0	1	540	1020
239	37.75407	-122.4282	0	1	540	1020
240	37.71214	-122.44679	0	1	540	1020
241	37.79377	-122.40131	0	-3	1020.0	1110.0
242	37.78012	-122.41247	0	-3	884.0	974.0
243	37.78704	-122.40413	0	-3	891.0	981.0
244	37.78883	-122.40819	0	-3	829.0	919.0
245	37.7834	-122.40718	0	-3	977.0	1067.0
246	37.78447	-122.40643	0	-3	687.0	777.0
247	37.79331	-122.42338	0	-3	996.0	1086.0
248	37.77633	-122.42122	0	-3	749.0	839.0
249	37.61508	-122.39009	0	-3	885.0	975.0
250	37.61601	-122.38834	0	-3	922.0	1012.0
251	37.61506	-122.39009	0	-3	704.0	794.0
252	37.61746	-122.39852	0	-3	841.0	931.0
253	37.61772	-122.38614	0	-3	1002.0	1092.0
254	37.78543	-122.40042	0	-3	877.0	967.0
255	37.61496	-122.39015	0	-3	1019.0	1109.0
256	37.62647	-122.40173	0	-3	821.0	911.0
257	37.78486	-122.4052	0	-3	643.0	733.0
258	37.76955	-122.45037	0	-3	877.0	967.0
259	37.7673	-122.43579	0	-3	772.0	862.0
260	37.76079	-122.43508	0	-3	789.0	879.0
261	37.78851	-122.40144	0	-3	888.0	978.0
262	37.78481	-122.41098	0	-3	797.0	887.0
263	37.79578	-122.39641	0	-3	669.0	759.0
264	37.80843	-122.41061	0	-3	899.0	989.0
265	37.80845	-122.41006	0	-3	659.0	749.0
266	37.76943	-122.41095	0	-3	976.0	1066.0
267	37.71678	-122.39898	0	-3	962.0	1052.0
268	37.77947	-122.39356	0	-3	915.0	1005.0
269	37.78697	-122.39863	0	-3	943.0	1033.0
270	37.7888	-122.39585	0	-3	611.0	701.0
271	37.79456	-122.40316	0	-3	788.0	878.0
272	37.79435	-122.39626	0	-3	775.0	865.0
273	37.78844	-122.40304	0	-3	712.0	802.0
274	37.79423	-122.39644	0	-3	788.0	878.0
275	37.79214	-122.41074	0	-3	971.0	1061.0
276	37.78935	-122.3905	0	-3	603.0	693.0
277	37.79214	-122.415	0	-3	600.0	690.0
278	37.79216	-122.40093	0	-3	858.0	948.0
279	37.62285	-122.40051	0	-3	725.0	815.0
280	37.72937	-122.19418	0	-3	972.0	1062.0
281	37.7857	-122.48539	0	-3	612.0	702.0
282	37.75538	-122.40511	0	-3	605.0	695.0
283	37.78763	-122.40832	0	-3	855.0	945.0
284	37.79545	-122.39619	0	-3	982.0	1072.0
285	37.7917	-122.41057	0	-3	787.0	877.0
286	37.79034	-122.43079	0	-3	826.0	916.0
287	37.76305	-122.40333	0	-3	740.0	830.0
288	37.7837	-122.4677	0	-3	829.0	919.0
289	37.77656	-122.41937	0	-3	890.0	980.0
290	37.7841	-122.4335	0	-3	581.0	671.0
291	37.78515	-122.46285	0	-3	593.0	683.0
292	37.78491	-122.40707	0	-3	727.0	817.0
293	37.79488	-122.40033	0	-3	708.0	798.0
294	37.78636	-122.39784	0	-3	639.0	729.0
295	37.61558	-122.39758	0	-3	942.0	1032.0
296	37.61516	-122.39739	0	-3	1009.0	1099.0
297	37.61511	-122.39019	0	-3	814.0	904.0
298	37.80555	-122.40607	0	-3	844.0	934.0
299	37.78394	-122.40815	0	-3	623.0	713.0
300	37.79175	-122.39823	0	-3	736.0	826.0
301	37.78436	-122.43922	0	-3	969.0	1059.0
302	37.78102	-122.41204	0	-3	869.0	959.0
303	37.75807	-122.40201	0	-3	625.0	715.0
304	37.76249	-122.43489	0	-3	907.0	997.0
305	37.79202	-122.40402	0	-3	634.0	724.0
306	37.79806	-122.42026	0	-3	984.0	1074.0
307	37.77157	-122.39883	0	-3	831.0	921.0
308	37.7799	-122.39106	0	-3	592.0	682.0
309	37.79639	-122.43357	0	-3	933.0	1023.0
310	37.78496	-122.41898	0	-3	703.0	793.0
311	37.80229	-122.42381	0	-3	958.0	1048.0
312	37.78817	-122.42444	0	-3	1036.0	1126.0
313	37.78682	-122.39407	0	-3	889.0	979.0
314	37.7849	-122.40874	0	-3	1015.0	1105.0
315	37.80056	-122.42975	0	-3	980.0	1070.0
316	37.78467	-122.39997	0	-3	601.0	691.0
317	37.7892	-122.40215	0	-3	846.0	936.0
318	37.78536	-122.42879	0	-3	790.0	880.0
319	37.78085	-122.43228	0	-3	593.0	683.0
320	37.78863	-122.4018	0	-3	907.0	997.0
321	37.78936	-122.40541	0	-3	832.0	922.0
322	37.78584	-122.40984	0	-3	1083.0	1140.0
323	37.761	-122.39349	0	-3	943.0	1033.0
324	37.79018	-122.391	0	-3	643.0	733.0
325	37.78952	-122.4123	0	-3	975.0	1065.0
326	37.78945	-122.40564	0	-3	1013.0	1103.0
327	37.79473	-122.40269	0	-3	936.0	1026.0
328	37.76566	-122.38913	0	-3	801.0	891.0
329	37.78915	-122.41034	0	-3	926.0	1016.0
330	37.78525	-122.40062	0	-3	906.0	996.0
331	37.78964	-122.40302	0	-3	994.0	1084.0
332	37.79141	-122.40738	0	-3	865.0	955.0
333	37.77946	-122.40152	0	-3	730.0	820.0
334	37.77018	-122.44577	0	-3	868.0	958.0
335	37.77282	-122.43054	0	-3	874.0	964.0
336	37.75142	-122.42739	0	-3	916.0	1006.0
337	37.75447	-122.42086	0	-3	775.0	865.0
338	37.78471	-122.39984	0	-3	738.0	828.0
339	37.77515	-122.40374	0	-3	1077.0	1140.0
340	37.77693	-122.48027	0	-3	598.0	688.0
341	37.77038	-122.4453	0	-3	890.0	980.0
342	37.75914	-122.4373	0	-3	949.0	1039.0
343	37.76077	-122.41714	0	-3	913.0	1003.0
344	37.74974	-122.39542	0	-3	921.0	1011.0
345	37.61519	-122.39013	0	-3	837.0	927.0
346	37.79431	-122.40291	0	-3	908.0	998.0
347	37.78765	-122.41341	0	-3	571.0	661.0
348	37.75547	-122.41892	0	-3	1023.0	1113.0
349	37.7819	-122.41563	0	-3	791.0	881.0
350	37.7838	-122.4078	0	-3	770.0	860.0
351	37.76381	-122.45699	0	-3	912.0	1002.0
352	37.7814	-122.40837	0	-3	1006.0	1096.0
353	37.79779	-122.401	0	-3	761.0	851.0
354	37.79731	-122.40208	0	-3	745.0	835.0
355	37.75062	-122.50092	0	-3	749.0	839.0
356	37.78636	-122.41623	0	-3	967.0	1057.0
357	37.79354	-122.41092	0	-3	885.0	975.0
358	37.78785	-122.40807	0	-3	721.0	811.0
359	37.78969	-122.42236	0	-3	1022.0	1112.0
360	37.78516	-122.40822	0	-3	1010.0	1100.0
361	37.80048	-122.43932	0	-3	572.0	662.0
362	37.78448	-122.40735	0	-3	653.0	743.0
363	37.79808	-122.42729	0	-3	923.0	1013.0
364	37.71948	-122.40457	0	-3	749.0	839.0
365	37.7919	-122.41793	0	-3	1004.0	1094.0
366	37.79942	-122.40909	0	-3	993.0	1083.0
367	37.79494	-122.40114	0	-3	704.0	794.0
368	37.78591	-122.3986	0	-3	755.0	845.0
369	37.79333	-122.39799	0	-3	845.0	935.0
370	37.80473	-122.4428	0	-3	908.0	998.0
371	37.7862	-122.42142	0	-3	962.0	1052.0
372	37.79598	-122.39886	0	-3	887.0	977.0
373	37.79905	-122.40881	0	-3	795.0	885.0
374	37.78927	-122.42064	0	-3	612.0	702.0
375	37.80016	-122.44132	0	-3	693.0	783.0
376	37.78689	-122.4334	0	-3	1033.0	1123.0
377	37.77197	-122.43156	0	-3	736.0	826.0
378	37.76048	-122.43615	0	-3	660.0	750.0
379	37.75241	-122.41649	0	-3	1018.0	1108.0
380	37.79597	-122.4218	0	-3	984.0	1074.0
381	37.77699	-122.39519	0	-3	637.0	727.0
382	37.77512	-122.41757	0	-3	812.0	902.0
383	37.78074	-122.41482	0	-3	765.0	855.0
384	37.76735	-122.39349	0	-3	642.0	732.0
385	37.78959	-122.40389	0	-3	909.0	999.0
386	37.78757	-122.44437	0	-3	629.0	719.0
387	37.78479	-122.43142	0	-3	605.0	695.0
388	37.78655	-122.40248	0	-3	739.0	829.0
389	37.77339	-122.39751	0	-3	856.0	946.0
390	37.78462	-122.40854	0	-3	856.0	946.0
391	37.76374	-122.45714	0	-3	589.0	679.0
392	37.77853	-122.43221	0	-3	990.0	1080.0
393	37.79429	-122.39533	0	-3	953.0	1043.0
394	37.77308	-122.41574	0	-3	984.0	1074.0
395	37.7863	-122.411	0	-3	813.0	903.0
396	37.77829	-122.41519	0	-3	678.0	768.0
397	37.79239	-122.39814	0	-3	813.0	903.0
398	37.78887	-122.4044	0	-3	837.0	927.0
399	37.79283	-122.39812	0	-3	961.0	1051.0
400	37.78838	-122.40722	0	-3	857.0	947.0
401	37.7923	-122.42176	0	-1	540	1020
402	37.78687	-122.41091	0	-1	540	1020
403	37.78747	-122.3999	0	-1	540	1020
404	37.79156	-122.41259	0	-1	540	1020
405	37.78891	-122.43372	0	-1	540	1020
406	37.79302	-122.40105	0	-1	540	1020
407	37.77576	-122.39788	0	-1	540	1020
408	37.78728	-122.40834	0	-1	540	1020
409	37.79242	-122.39823	0	-1	540	1020
410	37.78529	-122.40505	0	-1	540	1020
411	37.74067	-122.47977	0	-1	540	1020
412	37.77912	-122.46218	0	-1	540	1020
413	37.79965	-122.43803	0	-1	540	1020
414	37.7864	-122.45282	0	-1	540	1020
415	37.79192	-122.41258	0	-1	540	1020
416	37.78383	-122.44358	0	-1	540	1020
417	37.78376	-122.39861	0	-1	540	1020
418	37.79462	-122.40985	0	-1	540	1020
419	37.73392	-122.39672	0	-1	540	1020
420	37.79122	-122.40335	0	-1	540	1020
421	37.80022	-122.40154	0	-1	540	1020
422	37.79544	-122.39858	0	-1	540	1020
423	37.78246	-122.4006	0	-1	540	1020
424	37.7689	-122.41338	0	-1	540	1020
425	37.79964	-122.42362	0	-1	540	1020
426	37.74993	-122.39533	0	-1	540	1020
427	37.80003	-122.44209	0	-1	540	1020
428	37.80005	-122.43608	0	-1	540	1020
429	37.76144	-122.43502	0	-1	540	1020
430	37.78656	-122.4486	0	-1	540	1020
431	37.78025	-122.41881	0	-1	540	1020
432	37.82287	-122.38162	0	-1	540	1020
433	37.79336	-122.41803	0	-1	540	1020
434	37.63206	-122.40273	0	-1	540	1020
435	37.71102	-122.38923	0	-1	540	1020
436	37.8005	-122.42986	0	-1	540	1020
437	37.80354	-122.41525	0	-1	540	1020
438	37.78657	-122.46045	0	-1	540	1020
439	37.78635	-122.45461	0	-1	540	1020
440	37.78941	-122.40225	0	-1	540	1020
441	37.80676	-122.41196	0	-1	540	1020
442	37.78891	-122.40355	0	-1	540	1020
443	37.79202	-122.40858	0	-1	540	1020
444	37.78908	-122.39178	0	-1	540	1020
445	37.76224	-122.43511	0	-1	540	1020
446	37.79162	-122.41209	0	-1	540	1020
447	37.77467	-122.40522	0	-1	540	1020
448	37.75942	-122.40616	0	-1	540	1020
449	37.79637	-122.39332	0	-1	540	1020
450	37.78911	-122.40019	0	-1	540	1020
451	37.78061	-122.41848	0	-1	540	1020
452	37.73154	-122.47834	0	-1	540	1020
453	37.73105	-122.41372	0	-1	540	1020
454	37.78651	-122.40739	0	-1	540	1020
455	37.78708	-122.41342	0	-1	540	1020
456	37.7994	-122.40867	0	-1	540	1020
457	37.77972	-122.3939	0	-1	540	1020
458	37.78865	-122.40701	0	-1	540	1020
459	37.79211	-122.39726	0	-1	540	1020
460	37.78767	-122.40358	0	-1	540	1020
461	37.80844	-122.41066	0	-1	540	1020
462	37.79841	-122.40253	0	-1	540	1020
463	37.77109	-122.41082	0	-1	540	1020
464	37.75124	-122.42739	0	-1	540	1020
465	37.78863	-122.40173	0	-1	540	1020
466	37.77637	-122.41496	0	-1	540	1020
467	37.77926	-122.43184	0	-1	540	1020
468	37.7767	-122.39537	0	-1	540	1020
469	37.7772	-122.43831	0	-1	540	1020
470	37.77307	-122.45317	0	-1	540	1020
471	37.78079	-122.44993	0	-1	540	1020
472	37.7622	-122.4351	0	-1	540	1020
473	37.75209	-122.41962	0	-1	540	1020
474	37.7678	-122.42662	0	-1	540	1020
475	37.784	-122.40383	0	-1	540	1020
476	37.77665	-122.39539	0	-1	540	1020
477	37.79591	-122.40078	0	-1	540	1020
478	37.80445	-122.41848	0	-1	540	1020
479	37.76062	-122.43503	0	-1	540	1020
480	37.78515	-122.43821	0	-1	540	1020
481	37.75139	-122.39435	0	0	540.0	1140.0
