7 10 10 321 5 1140 0 0 600 90
0	37.75139	-122.39435	0	0	540.0	1140.0
1	37.71202	-122.21173	0	3	787.0	847.0
2	37.7907	-122.39676	0	3	943.0	1003.0
3	37.77682	-122.39465	0	3	762.0	822.0
4	37.78502	-122.40924	0	3	1007.0	1067.0
5	37.77353	-122.40157	0	3	726.0	786.0
6	37.61562	-122.38956	0	3	733.0	793.0
7	37.76423	-122.46149	0	3	887.0	947.0
8	37.76909	-122.42012	0	3	821.0	881.0
9	37.78168	-122.41884	0	3	739.0	799.0
10	37.78749	-122.41401	0	3	915.0	975.0
11	37.78366	-122.43844	0	3	616.0	676.0
12	37.79094	-122.43257	0	3	935.0	995.0
13	37.80059	-122.43453	0	3	701.0	761.0
14	37.80834	-122.4099	0	3	728.0	788.0
15	37.79154	-122.4349	0	3	936.0	996.0
16	37.76734	-122.3904	0	3	854.0	914.0
17	37.80137	-122.43218	0	3	933.0	993.0
18	37.78015	-122.39005	0	3	599.0	659.0
19	37.78814	-122.40872	0	3	712.0	772.0
20	37.80387	-122.41326	0	3	670.0	730.0
21	37.77194	-122.41403	0	3	707.0	767.0
22	37.78936	-122.40688	0	3	842.0	902.0
23	37.77799	-122.40736	0	3	811.0	871.0
24	37.79511	-122.2784	0	3	801.0	861.0
25	37.7906	-122.40708	0	3	870.0	930.0
26	37.77264	-122.40984	0	3	644.0	704.0
27	37.77717	-122.40376	0	3	579.0	639.0
28	37.61802	-122.38587	0	3	823.0	883.0
29	37.79167	-122.39834	0	3	891.0	951.0
30	37.7859	-122.39239	0	3	993.0	1053.0
31	37.5306	-122.26198	0	3	898.0	958.0
32	37.78231	-122.41814	0	3	999.0	1059.0
33	37.79474	-122.40187	0	3	790.0	850.0
34	37.79067	-122.43246	0	3	557.0	617.0
35	37.78139	-122.47828	0	3	805.0	865.0
36	37.79026	-122.4162	0	3	596.0	656.0
37	37.78825	-122.4104	0	3	689.0	749.0
38	37.81742	-122.37209	0	3	934.0	994.0
39	37.78589	-122.39683	0	3	721.0	781.0
40	37.77358	-122.44019	0	3	707.0	767.0
41	37.75501	-122.41555	0	3	576.0	636.0
42	37.74288	-122.47822	0	3	716.0	776.0
43	37.80571	-122.41296	0	3	711.0	771.0
44	37.78564	-122.39786	0	3	726.0	786.0
45	37.78862	-122.40624	0	3	825.0	885.0
46	37.76037	-122.38802	0	3	846.0	906.0
47	37.79539	-122.39744	0	3	892.0	952.0
48	37.78412	-122.40753	0	3	673.0	733.0
49	37.75012	-122.39531	0	3	796.0	856.0
50	37.75272	-122.41422	0	3	774.0	834.0
51	37.77847	-122.41532	0	3	771.0	831.0
52	37.77472	-122.41172	0	3	872.0	932.0
53	37.79883	-122.42226	0	3	615.0	675.0
54	37.77964	-122.39151	0	3	855.0	915.0
55	37.80405	-122.41121	0	3	1015.0	1075.0
56	37.78931	-122.41566	0	3	901.0	961.0
57	37.77794	-122.43766	0	3	678.0	738.0
58	37.78647	-122.45273	0	3	553.0	613.0
59	37.78331	-122.40593	0	3	645.0	705.0
60	37.78059	-122.42956	0	3	793.0	853.0
61	37.7523	-122.47619	0	3	873.0	933.0
62	37.67728	-122.47325	0	3	935.0	995.0
63	37.77709	-122.45114	0	3	720.0	780.0
64	37.78114	-122.42007	0	3	853.0	913.0
65	37.77781	-122.44111	0	3	804.0	864.0
66	37.77526	-122.46876	0	3	624.0	684.0
67	37.78162	-122.44629	0	3	578.0	638.0
68	37.78623	-122.40212	0	3	989.0	1049.0
69	37.76539	-122.42643	0	3	854.0	914.0
70	37.74004	-122.43563	0	3	799.0	859.0
71	37.76079	-122.41272	0	3	991.0	1051.0
72	37.78534	-122.40547	0	3	872.0	932.0
73	37.78966	-122.40837	0	3	714.0	774.0
74	37.78448	-122.40858	0	3	939.0	999.0
75	37.78556	-122.44003	0	3	826.0	886.0
76	37.7552	-122.42251	0	3	927.0	987.0
77	37.71904	-122.38809	0	3	624.0	684.0
78	37.76496	-122.42203	0	3	829.0	889.0
79	37.78041	-122.41863	0	3	813.0	873.0
80	37.7936	-122.39476	0	3	569.0	629.0
81	37.78008	-122.43626	0	3	570.0	630.0
82	37.78812	-122.40827	0	3	543.0	603.0
83	37.76217	-122.45501	0	3	829.0	889.0
84	37.76092	-122.44552	0	3	821.0	881.0
85	37.76028	-122.4326	0	3	947.0	1007.0
86	37.70563	-122.46192	0	3	548.0	608.0
87	37.61794	-122.38687	0	3	658.0	718.0
88	37.78008	-122.48721	0	3	597.0	657.0
89	37.77509	-122.42434	0	3	729.0	789.0
90	37.76681	-122.41861	0	3	869.0	929.0
91	37.73588	-122.41473	0	3	1014.0	1074.0
92	37.77063	-122.41513	0	3	697.0	757.0
93	37.78441	-122.40457	0	3	733.0	793.0
94	37.61543	-122.38457	0	3	632.0	692.0
95	37.78752	-122.41011	0	3	895.0	955.0
96	37.79003	-122.40956	0	3	557.0	617.0
97	37.79288	-122.40064	0	3	567.0	627.0
98	37.78972	-122.40498	0	3	903.0	963.0
99	37.76014	-122.47115	0	3	967.0	1027.0
100	37.78748	-122.41164	0	3	583.0	643.0
101	37.78684	-122.41145	0	3	1007.0	1067.0
102	37.75252	-122.41375	0	3	905.0	965.0
103	37.78793	-122.41845	0	3	859.0	919.0
104	37.80428	-122.4396	0	3	967.0	1027.0
105	37.8024	-122.42332	0	3	589.0	649.0
106	37.77791	-122.40631	0	3	572.0	632.0
107	37.78072	-122.41702	0	3	550.0	610.0
108	37.76063	-122.43613	0	3	734.0	794.0
109	37.76246	-122.39561	0	3	753.0	813.0
110	37.80336	-122.40201	0	3	763.0	823.0
111	37.78047	-122.40928	0	3	971.0	1031.0
112	37.76566	-122.44994	0	3	998.0	1058.0
113	37.61794	-122.38631	0	3	784.0	844.0
114	37.70106	-122.49016	0	3	773.0	833.0
115	37.7531	-122.46666	0	3	978.0	1038.0
116	37.76478	-122.43324	0	3	625.0	685.0
117	37.7866	-122.47225	0	3	878.0	938.0
118	37.7834	-122.40575	0	3	616.0	676.0
119	37.78256	-122.40684	0	3	865.0	925.0
120	37.74307	-122.39971	0	3	888.0	948.0
121	37.75226	-122.41826	0	1	540	1020
122	37.67302	-122.38826	0	1	540	1020
123	37.75688	-122.40639	0	1	540	1020
124	37.75985	-122.42823	0	1	540	1020
125	37.78609	-122.41091	0	1	540	1020
126	37.79448	-122.40568	0	1	540	1020
127	37.78516	-122.42204	0	1	540	1020
128	37.71201	-122.21187	0	1	540	1020
129	37.79201	-122.41077	0	1	540	1020
130	37.78909	-122.4171	0	1	540	1020
131	37.78013	-122.47503	0	1	540	1020
132	37.76915	-122.4292	0	1	540	1020
133	37.78317	-122.39952	0	1	540	1020
134	37.79931	-122.4088	0	1	540	1020
135	37.61758	-122.38726	0	1	540	1020
136	37.76819	-122.45526	0	1	540	1020
137	37.76345	-122.45788	0	1	540	1020
138	37.80655	-122.4208	0	1	540	1020
139	37.77177	-122.43284	0	1	540	1020
140	37.78815	-122.39542	0	1	540	1020
141	37.8036	-122.4145	0	1	540	1020
142	37.77458	-122.44157	0	1	540	1020
143	37.77668	-122.43828	0	1	540	1020
144	37.7914	-122.39661	0	1	540	1020
145	37.78607	-122.40865	0	1	540	1020
146	37.76477	-122.42248	0	1	540	1020
147	37.78839	-122.4084	0	1	540	1020
148	37.61798	-122.38623	0	1	540	1020
149	37.80587	-122.41737	0	1	540	1020
150	37.80478	-122.40528	0	1	540	1020
151	37.78797	-122.39983	0	1	540	1020
152	37.78905	-122.41124	0	1	540	1020
153	37.78952	-122.41312	0	1	540	1020
154	37.78645	-122.40487	0	1	540	1020
155	37.79062	-122.38945	0	1	540	1020
156	37.79268	-122.40131	0	1	540	1020
157	37.79046	-122.40595	0	1	540	1020
158	37.79459	-122.4035	0	1	540	1020
159	37.77353	-122.41934	0	1	540	1020
160	37.77953	-122.50239	0	1	540	1020
161	37.8036	-122.41372	0	1	540	1020
162	37.79634	-122.39705	0	1	540	1020
163	37.77687	-122.39536	0	1	540	1020
164	37.78913	-122.40896	0	1	540	1020
165	37.77354	-122.41932	0	1	540	1020
166	37.61751	-122.38749	0	1	540	1020
167	37.85872	-122.24166	0	1	540	1020
168	37.7494	-122.42037	0	1	540	1020
169	37.77586	-122.42445	0	1	540	1020
170	37.76533	-122.38702	0	1	540	1020
171	37.76861	-122.39107	0	1	540	1020
172	37.78508	-122.40486	0	1	540	1020
173	37.72558	-122.40274	0	1	540	1020
174	37.7012	-122.41562	0	1	540	1020
175	37.72275	-122.43627	0	1	540	1020
176	37.78049	-122.45878	0	1	540	1020
177	37.78357	-122.40217	0	1	540	1020
178	37.77762	-122.39141	0	1	540	1020
179	37.79901	-122.41301	0	1	540	1020
180	37.5257	-122.28492	0	1	540	1020
181	37.77156	-122.39874	0	-3	867.0	957.0
182	37.78925	-122.40698	0	-3	951.0	1041.0
183	37.77717	-122.39481	0	-3	763.0	853.0
184	37.78844	-122.40706	0	-3	1011.0	1101.0
185	37.78479	-122.40908	0	-3	737.0	827.0
186	37.61502	-122.39011	0	-3	778.0	868.0
187	37.77445	-122.45386	0	-3	905.0	995.0
188	37.77157	-122.43462	0	-3	832.0	922.0
189	37.78564	-122.41378	0	-3	744.0	834.0
190	37.78996	-122.4058	0	-3	919.0	1009.0
191	37.78539	-122.43089	0	-3	618.0	708.0
192	37.79096	-122.43258	0	-3	936.0	1026.0
193	37.79616	-122.42775	0	-3	709.0	799.0
194	37.80007	-122.40994	0	-3	734.0	824.0
195	37.78667	-122.41313	0	-3	949.0	1039.0
196	37.78854	-122.40578	0	-3	876.0	966.0
197	37.80045	-122.43078	0	-3	937.0	1027.0
198	37.78937	-122.40649	0	-3	606.0	696.0
199	37.78714	-122.41042	0	-3	714.0	804.0
200	37.80641	-122.4157	0	-3	672.0	762.0
201	37.78267	-122.40497	0	-3	713.0	803.0
202	37.78974	-122.40176	0	-3	856.0	946.0
203	37.78618	-122.39762	0	-3	816.0	906.0
204	37.78925	-122.39517	0	-3	836.0	926.0
205	37.63809	-122.4046	0	-3	929.0	1019.0
206	37.79249	-122.39419	0	-3	659.0	749.0
207	37.78304	-122.3999	0	-3	587.0	677.0
208	37.77719	-122.40371	0	-3	883.0	973.0
209	37.79228	-122.39742	0	-3	892.0	982.0
210	37.61748	-122.39853	0	-3	1053.0	1140.0
211	37.61842	-122.39892	0	-3	968.0	1058.0
212	37.60606	-122.38602	0	-3	1069.0	1140.0
213	37.79489	-122.39696	0	-3	812.0	902.0
214	37.79082	-122.43251	0	-3	562.0	652.0
215	37.78629	-122.46791	0	-3	819.0	909.0
216	37.79006	-122.41692	0	-3	596.0	686.0
217	37.78757	-122.40753	0	-3	704.0	794.0
218	37.79343	-122.39716	0	-3	955.0	1045.0
219	37.78793	-122.40177	0	-3	751.0	841.0
220	37.76849	-122.45167	0	-3	712.0	802.0
221	37.75211	-122.42041	0	-3	582.0	672.0
222	37.74741	-122.48793	0	-3	729.0	819.0
223	37.80646	-122.41429	0	-3	712.0	802.0
224	37.79311	-122.39749	0	-3	747.0	837.0
225	37.78877	-122.40533	0	-3	825.0	915.0
226	37.78537	-122.39753	0	-3	860.0	950.0
227	37.79196	-122.39855	0	-3	920.0	1010.0
228	37.78653	-122.4121	0	-3	677.0	767.0
229	37.79203	-122.40315	0	-3	812.0	902.0
230	37.75201	-122.41855	0	-3	779.0	869.0
231	37.78528	-122.40639	0	-3	775.0	865.0
232	37.76867	-122.41301	0	-3	877.0	967.0
233	37.79889	-122.42251	0	-3	618.0	708.0
234	37.78895	-122.40313	0	-3	861.0	951.0
235	37.79985	-122.40902	0	-3	1017.0	1107.0
236	37.79679	-122.40517	0	-3	906.0	996.0
237	37.7902	-122.43148	0	-3	687.0	777.0
238	37.7867	-122.45071	0	-3	554.0	644.0
239	37.78931	-122.40728	0	-3	663.0	753.0
240	37.78705	-122.41973	0	-3	800.0	890.0
241	37.77601	-122.44599	0	-3	892.0	982.0
242	37.74558	-122.47567	0	-3	959.0	1049.0
243	37.76347	-122.45693	0	-3	731.0	821.0
244	37.78035	-122.42021	0	-3	861.0	951.0
245	37.77705	-122.43733	0	-3	839.0	929.0
246	37.77607	-122.44554	0	-3	637.0	727.0
247	37.78424	-122.43983	0	-3	584.0	674.0
248	37.78678	-122.42156	0	-3	1000.0	1090.0
249	37.76511	-122.41956	0	-3	856.0	946.0
250	37.74396	-122.43927	0	-3	802.0	892.0
251	37.76458	-122.41963	0	-3	996.0	1086.0
252	37.78554	-122.40507	0	-3	873.0	963.0
253	37.78905	-122.41005	0	-3	716.0	806.0
254	37.78439	-122.40766	0	-3	945.0	1035.0
255	37.79151	-122.39858	0	-3	851.0	941.0
256	37.75703	-122.4211	0	-3	929.0	1019.0
257	37.74867	-122.38726	0	-3	642.0	732.0
258	37.7559	-122.39576	0	-3	1039.0	1129.0
259	37.78747	-122.41469	0	-3	817.0	907.0
260	37.78502	-122.40715	0	-3	584.0	674.0
261	37.77633	-122.42969	0	-3	577.0	667.0
262	37.78208	-122.41176	0	-3	602.0	692.0
263	37.76408	-122.4561	0	-3	831.0	921.0
264	37.7655	-122.44771	0	-3	823.0	913.0
265	37.76092	-122.43488	0	-3	949.0	1039.0
266	37.77512	-122.39766	0	-3	590.0	680.0
267	37.72146	-122.40982	0	-3	700.0	790.0
268	37.80022	-122.46145	0	-3	611.0	701.0
269	37.77516	-122.42436	0	-3	730.0	820.0
270	37.77516	-122.42435	0	-3	878.0	968.0
271	37.73492	-122.41487	0	-3	1015.0	1105.0
272	37.73618	-122.41468	0	-3	714.0	804.0
273	37.78979	-122.4068	0	-3	754.0	844.0
274	37.61638	-122.38443	0	-3	681.0	771.0
275	37.79206	-122.40352	0	-3	903.0	993.0
276	37.79359	-122.40149	0	-3	585.0	675.0
277	37.78816	-122.40198	0	-3	605.0	695.0
278	37.78859	-122.40632	0	-3	911.0	1001.0
279	37.78569	-122.39648	0	-3	997.0	1087.0
280	37.79257	-122.39895	0	-3	590.0	680.0
281	37.7874	-122.41161	0	-3	1007.0	1097.0
282	37.79044	-122.3991	0	-3	1009.0	1099.0
283	37.7597	-122.41922	0	-3	881.0	971.0
284	37.80037	-122.43926	0	-3	970.0	1060.0
285	37.8004	-122.44087	0	-3	594.0	684.0
286	37.78737	-122.4084	0	-3	591.0	681.0
287	37.78508	-122.41794	0	-3	554.0	644.0
288	37.76061	-122.43486	0	-3	736.0	826.0
289	37.7688	-122.41326	0	-3	760.0	850.0
290	37.78592	-122.40549	0	-3	772.0	862.0
291	37.7845	-122.40857	0	-3	974.0	1064.0
292	37.76296	-122.45931	0	-3	1003.0	1093.0
293	37.76507	-122.41979	0	-3	844.0	934.0
294	37.78763	-122.40828	0	-3	826.0	916.0
295	37.76381	-122.45698	0	-3	985.0	1075.0
296	37.76259	-122.43406	0	-3	628.0	718.0
297	37.78132	-122.46214	0	-3	884.0	974.0
298	37.7922	-122.40345	0	-3	652.0	742.0
299	37.783	-122.40626	0	-3	865.0	955.0
300	37.76743	-122.40471	0	-3	897.0	987.0
301	37.75226	-122.4183	0	-1	540	1020
302	37.75229	-122.41775	0	-1	540	1020
303	37.78242	-122.41731	0	-1	540	1020
304	37.76718	-122.429	0	-1	540	1020
305	37.61524	-122.39017	0	-1	540	1020
306	37.61792	-122.3902	0	-1	540	1020
307	37.79425	-122.39746	0	-1	540	1020
308	37.79489	-122.39733	0	-1	540	1020
309	37.76345	-122.45716	0	-1	540	1020
310	37.79396	-122.43034	0	-1	540	1020
311	37.78312	-122.47952	0	-1	540	1020
312	37.76757	-122.43166	0	-1	540	1020
313	37.79787	-122.42909	0	-1	540	1020
314	37.80033	-122.41017	0	-1	540	1020
315	37.77859	-122.39183	0	-1	540	1020
316	37.79047	-122.42928	0	-1	540	1020
317	37.76222	-122.46059	0	-1	540	1020
318	37.80129	-122.43295	0	-1	540	1020
319	37.77512	-122.4362	0	-1	540	1020
320	37.7932	-122.40001	0	-1	540	1020
321	37.80165	-122.41619	0	-1	540	1020
322	37.7965	-122.43251	0	-1	540	1020
323	37.77797	-122.42923	0	-1	540	1020
324	37.79463	-122.39885	0	-1	540	1020
325	37.79124	-122.39668	0	-1	540	1020
326	37.7779	-122.41623	0	-1	540	1020
327	37.76484	-122.42255	0	-1	540	1020
328	37.61536	-122.39022	0	-1	540	1020
329	37.80289	-122.42015	0	-1	540	1020
330	37.80721	-122.40939	0	-1	540	1020
331	37.79511	-122.39711	0	-1	540	1020
332	37.78902	-122.41148	0	-1	540	1020
333	37.79147	-122.39904	0	-1	540	1020
334	37.78544	-122.40135	0	-1	540	1020
335	37.79528	-122.39664	0	-1	540	1020
336	37.7937	-122.39661	0	-1	540	1020
337	37.7985	-122.40082	0	-1	540	1020
338	37.79266	-122.3977	0	-1	540	1020
339	37.79427	-122.40348	0	-1	540	1020
340	37.76367	-122.50392	0	-1	540	1020
341	37.8084	-122.40998	0	-1	540	1020
342	37.79301	-122.39759	0	-1	540	1020
343	37.78889	-122.40524	0	-1	540	1020
344	37.79179	-122.4037	0	-1	540	1020
345	37.77926	-122.39319	0	-1	540	1020
346	37.72821	-122.38088	0	-1	540	1020
347	37.7897	-122.39537	0	-1	540	1020
348	37.61601	-122.38836	0	-1	540	1020
349	37.61613	-122.3882	0	-1	540	1020
350	37.61615	-122.38815	0	-1	540	1020
351	37.76951	-122.38629	0	-1	540	1020
352	37.78686	-122.40283	0	-1	540	1020
353	37.79082	-122.40144	0	-1	540	1020
354	37.71191	-122.43775	0	-1	540	1020
355	37.72449	-122.43504	0	-1	540	1020
356	37.71889	-122.43916	0	-1	540	1020
357	37.77659	-122.39548	0	-1	540	1020
358	37.76673	-122.38922	0	-1	540	1020
359	37.78804	-122.40787	0	-1	540	1020
360	37.61512	-122.39021	0	-1	540	1020
361	37.75139	-122.39435	0	0	540.0	1140.0
